0
100
226
382
573
805
1086
1425
1830
2312
3252
4291
5440
6711
8118
9674
11393
13289
15378
17675
20930
24425
28177
32204
36522
41150
46106
51409
57078
63133
70777
78847
87363
96346
105817
115798
126311
137377
149020
161262
175848
191080
206981
223576
240888
258942
277764
297378
317810
339085
363577
388965
415275
442534
470769
500008
530278
561606
594021
627551
665290
704201
744313
785656
828259
872152
917366
963930
1011875
1061231
1115899
1172041
1229688
1288871
1349622
1411974
1475958
1541608
1608955
1678033
1753643
1831050
1910288
1991390
2074390
2159323
2246223
2335124
2426061
2519070
2619942
2722956
2828147
2935551
3045204
3157143
3271403
3388021
3507034
3628479
3759231
3892489
4028291
4166675
4307678
4451338
4597694
4746784
4898647
5053321
5218859
5387286
5558642
5732967
5910300
6090681
6274150
6460747
6650513
6843488
7048994
7257791
7469919
7685421
7904337
8126709
8352579
8581989
8814981
9051597
9302523
9557158
9815545
10077727
10343747
10613648
10887474
11165268
11447074
11732936
12034999
12341206
12651601
12966229
13285135
13608363
13935959
14267968
14604435
14945405
15304577
15668344
16036752
16409847
16787675
17170282
17557715
17950021
18347247
18749439
19171947
19599516
20032193
20470026
20913063
21361351
21814939
22273875
22738207
23207983
23700300
24198159
24701609
25210699
25725478
26245995
26772300
27304443
27842473
28386440
28955283
29530163
30111131
30698237
31291531
31891065
32496889
33109054
33727611
34352612
35004937
35663809
36329279
37001399
37680221
38365797
39058180
39757421
40463574
41176691
41919691
42669761
43426954
44191322
44962919
45741799
46528015
47321621
48122670
48931217
49772317
50621023
51477389
52341470
53213320
54092994
54980547
55876034
56779510
57691030
58637885
59592896
60556117
61527605
62507415
63495603
64492225
65497338
66510998
67533262
68593755
69662965
70740948
71827762
72923464
74028111
75141761
76264471
77396298
78537301
79719539
80911068
82111946
83322232
84541983
85771259
87010117
88258617
89516817
90784776
92097088
93419277
94751403
96093525
97445703
98807996
100180464
101563167
102956166
104359520
105810456
107271868
108743816
110226361
111719563
113223483
114738183
116263723
117800164
119347568
120945896
122555310
124175871
125807641
127450682
129105055
130770823
132448048
134136793
135837119
137591824
139358235
141136416
142926430
144728339
146542207
148368096
150206070
152056193
153918528
155838806
157771424
159716445
161673933
163643953
165626568
167621843
169629842
171650630
173684271
99999999999999999999999999